    1          1          1          1
    2          3          5          6
    3          6         12         15
    4         10         22         28
    5         15         35         45
    6         21         51         66
    7         28         70         91
    8         36         92        120
    9         45        117        153
   10         55        145        190
   11         66        176        231
   12         78        210        276
   13         91        247        325
   14        105        287        378
   15        120        330        435
   16        136        376        496
   17        153        425        561
   18        171        477        630
   19        190        532        703
   20        210        590        780
   21        231        651        861
   22        253        715        946
   23        276        782       1035
   24        300        852       1128
   25        325        925       1225
   26        351       1001       1326
   27        378       1080       1431
   28        406       1162       1540
   29        435       1247       1653
   30        465       1335       1770
   31        496       1426       1891
   32        528       1520       2016
   33        561       1617       2145
   34        595       1717       2278
   35        630       1820       2415
   36        666       1926       2556
   37        703       2035       2701
   38        741       2147       2850
   39        780       2262       3003
   40        820       2380       3160
   41        861       2501       3321
   42        903       2625       3486
   43        946       2752       3655
   44        990       2882       3828
   45       1035       3015       4005
   46       1081       3151       4186
   47       1128       3290       4371
   48       1176       3432       4560
   49       1225       3577       4753
   50       1275       3725       4950
   51       1326       3876       5151
   52       1378       4030       5356
   53       1431       4187       5565
   54       1485       4347       5778
   55       1540       4510       5995
   56       1596       4676       6216
   57       1653       4845       6441
   58       1711       5017       6670
   59       1770       5192       6903
   60       1830       5370       7140
   61       1891       5551       7381
   62       1953       5735       7626
   63       2016       5922       7875
   64       2080       6112       8128
   65       2145       6305       8385
   66       2211       6501       8646
   67       2278       6700       8911
   68       2346       6902       9180
   69       2415       7107       9453
   70       2485       7315       9730
   71       2556       7526      10011
   72       2628       7740      10296
   73       2701       7957      10585
   74       2775       8177      10878
   75       2850       8400      11175
   76       2926       8626      11476
   77       3003       8855      11781
   78       3081       9087      12090
   79       3160       9322      12403
   80       3240       9560      12720
   81       3321       9801      13041
   82       3403      10045      13366
   83       3486      10292      13695
   84       3570      10542      14028
   85       3655      10795      14365
   86       3741      11051      14706
   87       3828      11310      15051
   88       3916      11572      15400
   89       4005      11837      15753
   90       4095      12105      16110
   91       4186      12376      16471
   92       4278      12650      16836
   93       4371      12927      17205
   94       4465      13207      17578
   95       4560      13490      17955
   96       4656      13776      18336
   97       4753      14065      18721
   98       4851      14357      19110
   99       4950      14652      19503
  100       5050      14950      19900
  101       5151      15251      20301
  102       5253      15555      20706
  103       5356      15862      21115
  104       5460      16172      21528
  105       5565      16485      21945
  106       5671      16801      22366
  107       5778      17120      22791
  108       5886      17442      23220
  109       5995      17767      23653
  110       6105      18095      24090
  111       6216      18426      24531
  112       6328      18760      24976
  113       6441      19097      25425
  114       6555      19437      25878
  115       6670      19780      26335
  116       6786      20126      26796
  117       6903      20475      27261
  118       7021      20827      27730
  119       7140      21182      28203
  120       7260      21540      28680
  121       7381      21901      29161
  122       7503      22265      29646
  123       7626      22632      30135
  124       7750      23002      30628
  125       7875      23375      31125
  126       8001      23751      31626
  127       8128      24130      32131
  128       8256      24512      32640
  129       8385      24897      33153
  130       8515      25285      33670
  131       8646      25676      34191
  132       8778      26070      34716
  133       8911      26467      35245
  134       9045      26867      35778
  135       9180      27270      36315
  136       9316      27676      36856
  137       9453      28085      37401
  138       9591      28497      37950
  139       9730      28912      38503
  140       9870      29330      39060
  141      10011      29751      39621
  142      10153      30175      40186
  143      10296      30602      40755
  144      10440      31032      41328
  145      10585      31465      41905
  146      10731      31901      42486
  147      10878      32340      43071
  148      11026      32782      43660
  149      11175      33227      44253
  150      11325      33675      44850
  151      11476      34126      45451
  152      11628      34580      46056
  153      11781      35037      46665
  154      11935      35497      47278
  155      12090      35960      47895
  156      12246      36426      48516
  157      12403      36895      49141
  158      12561      37367      49770
  159      12720      37842      50403
  160      12880      38320      51040
  161      13041      38801      51681
  162      13203      39285      52326
  163      13366      39772      52975
  164      13530      40262      53628
  165      13695      40755      54285
  166      13861      41251      54946
  167      14028      41750      55611
  168      14196      42252      56280
  169      14365      42757      56953
  170      14535      43265      57630
  171      14706      43776      58311
  172      14878      44290      58996
  173      15051      44807      59685
  174      15225      45327      60378
  175      15400      45850      61075
  176      15576      46376      61776
  177      15753      46905      62481
  178      15931      47437      63190
  179      16110      47972      63903
  180      16290      48510      64620
  181      16471      49051      65341
  182      16653      49595      66066
  183      16836      50142      66795
  184      17020      50692      67528
  185      17205      51245      68265
  186      17391      51801      69006
  187      17578      52360      69751
  188      17766      52922      70500
  189      17955      53487      71253
  190      18145      54055      72010
  191      18336      54626      72771
  192      18528      55200      73536
  193      18721      55777      74305
  194      18915      56357      75078
  195      19110      56940      75855
  196      19306      57526      76636
  197      19503      58115      77421
  198      19701      58707      78210
  199      19900      59302      79003
  200      20100      59900      79800
  201      20301      60501      80601
  202      20503      61105      81406
  203      20706      61712      82215
  204      20910      62322      83028
  205      21115      62935      83845
  206      21321      63551      84666
  207      21528      64170      85491
  208      21736      64792      86320
  209      21945      65417      87153
  210      22155      66045      87990
  211      22366      66676      88831
  212      22578      67310      89676
  213      22791      67947      90525
  214      23005      68587      91378
  215      23220      69230      92235
  216      23436      69876      93096
  217      23653      70525      93961
  218      23871      71177      94830
  219      24090      71832      95703
  220      24310      72490      96580
  221      24531      73151      97461
  222      24753      73815      98346
  223      24976      74482      99235
  224      25200      75152     100128
  225      25425      75825     101025
  226      25651      76501     101926
  227      25878      77180     102831
  228      26106      77862     103740
  229      26335      78547     104653
  230      26565      79235     105570
  231      26796      79926     106491
  232      27028      80620     107416
  233      27261      81317     108345
  234      27495      82017     109278
  235      27730      82720     110215
  236      27966      83426     111156
  237      28203      84135     112101
  238      28441      84847     113050
  239      28680      85562     114003
  240      28920      86280     114960
  241      29161      87001     115921
  242      29403      87725     116886
  243      29646      88452     117855
  244      29890      89182     118828
  245      30135      89915     119805
  246      30381      90651     120786
  247      30628      91390     121771
  248      30876      92132     122760
  249      31125      92877     123753
  250      31375      93625     124750
  251      31626      94376     125751
  252      31878      95130     126756
  253      32131      95887     127765
  254      32385      96647     128778
  255      32640      97410     129795
  256      32896      98176     130816
  257      33153      98945     131841
  258      33411      99717     132870
  259      33670     100492     133903
  260      33930     101270     134940
  261      34191     102051     135981
  262      34453     102835     137026
  263      34716     103622     138075
  264      34980     104412     139128
  265      35245     105205     140185
  266      35511     106001     141246
  267      35778     106800     142311
  268      36046     107602     143380
  269      36315     108407     144453
  270      36585     109215     145530
  271      36856     110026     146611
  272      37128     110840     147696
  273      37401     111657     148785
  274      37675     112477     149878
  275      37950     113300     150975
  276      38226     114126     152076
  277      38503     114955     153181
  278      38781     115787     154290
  279      39060     116622     155403
  280      39340     117460     156520
  281      39621     118301     157641
  282      39903     119145     158766
  283      40186     119992     159895
  284      40470     120842     161028
  285      40755     121695     162165
  286      41041     122551     163306
  287      41328     123410     164451
  288      41616     124272     165600
  289      41905     125137     166753
  290      42195     126005     167910
  291      42486     126876     169071
  292      42778     127750     170236
  293      43071     128627     171405
  294      43365     129507     172578
  295      43660     130390     173755
  296      43956     131276     174936
  297      44253     132165     176121
  298      44551     133057     177310
  299      44850     133952     178503
  300      45150     134850     179700
  301      45451     135751     180901
  302      45753     136655     182106
  303      46056     137562     183315
  304      46360     138472     184528
  305      46665     139385     185745
  306      46971     140301     186966
  307      47278     141220     188191
  308      47586     142142     189420
  309      47895     143067     190653
  310      48205     143995     191890
  311      48516     144926     193131
  312      48828     145860     194376
  313      49141     146797     195625
  314      49455     147737     196878
  315      49770     148680     198135
  316      50086     149626     199396
  317      50403     150575     200661
  318      50721     151527     201930
  319      51040     152482     203203
  320      51360     153440     204480
  321      51681     154401     205761
  322      52003     155365     207046
  323      52326     156332     208335
  324      52650     157302     209628
  325      52975     158275     210925
  326      53301     159251     212226
  327      53628     160230     213531
  328      53956     161212     214840
  329      54285     162197     216153
  330      54615     163185     217470
  331      54946     164176     218791
  332      55278     165170     220116
  333      55611     166167     221445
  334      55945     167167     222778
  335      56280     168170     224115
  336      56616     169176     225456
  337      56953     170185     226801
  338      57291     171197     228150
  339      57630     172212     229503
  340      57970     173230     230860
  341      58311     174251     232221
  342      58653     175275     233586
  343      58996     176302     234955
  344      59340     177332     236328
  345      59685     178365     237705
  346      60031     179401     239086
  347      60378     180440     240471
  348      60726     181482     241860
  349      61075     182527     243253
  350      61425     183575     244650
  351      61776     184626     246051
  352      62128     185680     247456
  353      62481     186737     248865
  354      62835     187797     250278
  355      63190     188860     251695
  356      63546     189926     253116
  357      63903     190995     254541
  358      64261     192067     255970
  359      64620     193142     257403
  360      64980     194220     258840
  361      65341     195301     260281
  362      65703     196385     261726
  363      66066     197472     263175
  364      66430     198562     264628
  365      66795     199655     266085
  366      67161     200751     267546
  367      67528     201850     269011
  368      67896     202952     270480
  369      68265     204057     271953
  370      68635     205165     273430
  371      69006     206276     274911
  372      69378     207390     276396
  373      69751     208507     277885
  374      70125     209627     279378
  375      70500     210750     280875
  376      70876     211876     282376
  377      71253     213005     283881
  378      71631     214137     285390
  379      72010     215272     286903
  380      72390     216410     288420
  381      72771     217551     289941
  382      73153     218695     291466
  383      73536     219842     292995
  384      73920     220992     294528
  385      74305     222145     296065
  386      74691     223301     297606
  387      75078     224460     299151
  388      75466     225622     300700
  389      75855     226787     302253
  390      76245     227955     303810
  391      76636     229126     305371
  392      77028     230300     306936
  393      77421     231477     308505
  394      77815     232657     310078
  395      78210     233840     311655
  396      78606     235026     313236
  397      79003     236215     314821
  398      79401     237407     316410
  399      79800     238602     318003
  400      80200     239800     319600
  401      80601     241001     321201
  402      81003     242205     322806
  403      81406     243412     324415
  404      81810     244622     326028
  405      82215     245835     327645
  406      82621     247051     329266
  407      83028     248270     330891
  408      83436     249492     332520
  409      83845     250717     334153
  410      84255     251945     335790
  411      84666     253176     337431
  412      85078     254410     339076
  413      85491     255647     340725
  414      85905     256887     342378
  415      86320     258130     344035
  416      86736     259376     345696
  417      87153     260625     347361
  418      87571     261877     349030
  419      87990     263132     350703
  420      88410     264390     352380
  421      88831     265651     354061
  422      89253     266915     355746
  423      89676     268182     357435
  424      90100     269452     359128
  425      90525     270725     360825
  426      90951     272001     362526
  427      91378     273280     364231
  428      91806     274562     365940
  429      92235     275847     367653
  430      92665     277135     369370
  431      93096     278426     371091
  432      93528     279720     372816
  433      93961     281017     374545
  434      94395     282317     376278
  435      94830     283620     378015
  436      95266     284926     379756
  437      95703     286235     381501
  438      96141     287547     383250
  439      96580     288862     385003
  440      97020     290180     386760
  441      97461     291501     388521
  442      97903     292825     390286
  443      98346     294152     392055
  444      98790     295482     393828
  445      99235     296815     395605
  446      99681     298151     397386
  447     100128     299490     399171
  448     100576     300832     400960
  449     101025     302177     402753
  450     101475     303525     404550
  451     101926     304876     406351
  452     102378     306230     408156
  453     102831     307587     409965
  454     103285     308947     411778
  455     103740     310310     413595
  456     104196     311676     415416
  457     104653     313045     417241
  458     105111     314417     419070
  459     105570     315792     420903
  460     106030     317170     422740
  461     106491     318551     424581
  462     106953     319935     426426
  463     107416     321322     428275
  464     107880     322712     430128
  465     108345     324105     431985
  466     108811     325501     433846
  467     109278     326900     435711
  468     109746     328302     437580
  469     110215     329707     439453
  470     110685     331115     441330
  471     111156     332526     443211
  472     111628     333940     445096
  473     112101     335357     446985
  474     112575     336777     448878
  475     113050     338200     450775
  476     113526     339626     452676
  477     114003     341055     454581
  478     114481     342487     456490
  479     114960     343922     458403
  480     115440     345360     460320
  481     115921     346801     462241
  482     116403     348245     464166
  483     116886     349692     466095
  484     117370     351142     468028
  485     117855     352595     469965
  486     118341     354051     471906
  487     118828     355510     473851
  488     119316     356972     475800
  489     119805     358437     477753
  490     120295     359905     479710
  491     120786     361376     481671
  492     121278     362850     483636
  493     121771     364327     485605
  494     122265     365807     487578
  495     122760     367290     489555
  496     123256     368776     491536
  497     123753     370265     493521
  498     124251     371757     495510
  499     124750     373252     497503
  500     125250     374750     499500
