3 7
3 11
3 17
3 31
3 37
3 59
3 67
3 73
3 109
3 137
3 191
3 229
3 271
3 331
3 359
3 373
3 449
3 467
3 499
3 541
3 557
3 607
3 613
3 617
3 673
3 701
3 719
3 733
3 739
3 823
3 929
3 947
7 19
7 61
7 97
7 109
7 127
7 229
7 283
7 433
7 487
7 523
7 541
7 547
7 673
7 691
7 757
7 823
7 829
7 853
7 883
7 937
11 23
11 113
11 239
11 251
11 353
11 503
11 587
11 701
11 743
11 839
11 863
11 941
11 953
13 19
13 61
13 103
13 127
13 241
13 331
13 337
13 367
13 523
13 577
13 709
13 829
13 997
17 83
17 239
17 257
17 383
17 389
17 431
17 449
17 491
17 881
17 971
19 31
19 79
19 97
19 163
19 181
19 433
19 571
19 577
19 709
19 727
19 937
19 991
19 997
23 47
23 89
23 311
23 509
23 677
23 743
23 761
23 773
23 827
29 71
29 137
29 167
29 179
29 347
29 383
29 401
29 569
29 599
29 683
29 761
29 881
31 139
31 151
31 181
31 859
31 907
31 991
37 67
37 79
37 199
37 277
37 313
37 463
37 607
37 967
37 991
41 227
41 257
41 593
41 719
41 863
41 887
41 911
43 97
43 103
43 223
43 271
43 499
43 613
43 691
47 149
47 251
47 269
47 293
47 419
47 521
47 947
53 113
53 197
53 269
53 353
53 401
53 419
53 653
59 167
59 197
59 419
59 929
59 971
61 151
61 331
61 409
61 487
61 751
67 139
67 157
67 547
67 601
67 619
67 751
67 757
71 233
71 257
71 263
71 317
71 389
71 443
71 719
71 821
71 887
71 947
71 971
73 277
73 547
73 571
73 607
73 643
73 757
73 823
79 193
79 241
79 367
79 397
79 613
79 631
79 967
83 227
83 311
83 443
83 449
83 563
83 701
83 719
83 773
83 911
89 107
89 137
89 293
89 431
89 443
89 521
89 809
89 821
89 977
89 983
97 157
97 241
97 373
97 379
97 787
97 829
97 883
97 919
97 967
101 107
101 149
101 197
101 359
101 383
101 467
101 641
101 719
103 307
103 421
103 997
107 449
107 857
109 139
109 199
109 313
109 661
109 673
109 859
109 883
109 919
113 131
113 149
113 167
113 227
113 233
113 383
113 647
113 761
113 983
127 157
127 163
127 241
127 271
127 331
127 373
127 601
127 607
127 733
131 449
131 479
131 617
131 641
131 743
131 797
131 839
131 941
137 191
137 197
137 239
137 353
137 359
137 491
137 587
137 659
137 743
137 947
139 367
139 457
139 547
139 619
139 661
139 709
139 787
139 907
139 967
149 173
149 251
149 491
149 563
149 953
149 971
151 163
151 397
151 433
151 499
151 607
151 631
151 769
151 937
157 181
157 229
157 277
157 571
157 733
163 193
163 307
163 367
163 409
163 613
163 811
163 883
163 997
167 269
167 443
167 491
167 521
167 641
167 677
167 911
173 191
173 293
173 347
173 431
173 659
173 743
179 269
179 317
179 383
179 593
179 719
179 743
179 953
181 193
181 199
181 283
181 397
181 421
181 499
181 607
181 619
181 751
181 757
181 787
191 227
191 251
191 281
191 461
191 599
191 953
191 977
193 283
193 373
193 433
193 541
193 577
193 601
193 751
193 811
193 883
197 311
197 347
197 569
197 641
197 947
197 971
199 211
199 373
199 379
199 673
199 739
199 751
199 811
199 877
211 271
211 283
211 313
211 349
211 373
211 499
211 571
211 727
223 229
223 277
223 337
223 547
223 829
223 919
227 281
227 593
227 719
227 827
229 373
229 433
229 499
229 547
229 613
229 631
229 937
233 239
233 251
233 347
233 617
233 881
233 911
233 983
239 263
239 347
239 461
239 509
239 641
239 929
239 947
239 977
241 271
241 313
241 421
241 601
241 691
241 727
241 739
241 811
241 823
241 883
251 347
251 431
251 491
251 761
251 941
251 971
257 263
257 293
263 293
263 443
263 647
263 761
263 821
263 941
269 317
269 389
269 431
269 461
269 617
269 887
271 409
277 331
277 499
277 751
277 787
277 859
281 419
281 509
281 557
281 653
281 719
281 797
281 857
281 971
283 397
283 463
283 487
283 541
283 601
293 311
293 467
293 617
293 827
307 367
307 523
307 577
307 631
307 733
311 359
311 653
311 677
311 821
311 827
311 881
313 619
313 727
313 991
317 353
317 419
317 503
317 773
317 983
331 349
331 577
331 739
331 883
331 907
331 937
337 349
337 397
337 607
337 691
337 919
347 401
347 443
347 983
349 373
349 409
349 499
349 709
349 829
349 919
349 967
353 359
353 443
353 797
359 509
359 563
359 599
359 701
359 911
367 457
367 613
367 751
373 661
373 823
373 859
373 937
379 397
379 751
379 811
379 877
379 997
383 419
383 797
383 821
383 941
389 761
389 797
389 947
389 971
397 547
397 673
397 907
401 593
401 743
401 809
401 887
409 691
409 709
409 733
419 443
419 449
419 563
419 599
419 701
419 929
421 433
421 607
421 643
421 661
421 709
431 479
431 857
431 929
431 947
431 983
433 571
433 787
433 859
433 883
439 541
439 601
439 613
439 661
439 787
439 853
443 701
443 761
443 953
443 983
449 557
449 563
449 821
449 941
457 643
457 673
457 757
457 829
461 479
461 569
461 653
461 677
461 983
463 523
463 613
463 643
463 829
467 587
467 617
467 641
467 941
479 569
479 593
479 599
479 701
479 821
479 881
479 971
487 601
487 727
487 757
487 769
491 593
491 653
491 773
491 983
499 673
499 691
503 563
503 647
503 653
503 911
509 647
509 797
509 863
509 947
521 557
521 641
521 659
521 809
523 541
523 577
541 571
541 661
541 727
541 991
547 577
547 643
547 661
547 709
547 769
547 787
547 823
547 853
563 587
563 809
563 971
569 659
569 773
569 797
569 809
569 887
571 853
577 613
577 757
577 937
587 617
587 677
593 647
593 863
593 977
599 719
599 941
601 823
607 619
607 967
607 991
613 661
613 673
613 829
613 883
617 647
617 887
617 983
619 811
631 739
631 751
641 821
641 863
641 881
641 929
643 751
643 991
647 821
647 953
653 659
653 941
659 947
659 983
661 769
661 877
661 883
673 769
677 827
683 719
683 911
691 709
691 727
691 907
691 919
709 823
709 967
719 773
719 911
719 947
727 823
727 997
733 829
733 883
733 991
739 751
739 853
739 967
743 881
743 947
751 787
751 997
757 811
757 829
761 977
769 919
769 997
773 953
787 823
809 821
809 827
809 839
809 929
809 983
811 919
811 991
811 997
821 827
821 857
821 971
823 877
823 967
827 857
839 887
839 911
859 919
863 983
877 883
877 937
877 997
881 953
881 983
883 991
911 947
919 937
929 941
929 953
929 983
971 977
